0
64
107
243
332
430
493
494
494
388
318
141
25
-157
-276
-394
-470
-480
-487
-386
-319
-143
-27
155
274
392
468
478
485
384
317
141
25
-157
-276
-394
-470
-480
-487
-386
-319
-143
-27
155
274
392
470
481
486
384
319
145
29
-153
-272
-390
-466
-476
-483
-382
-316
-142
-27
155
274
392
470
481
486
384
317
141
25
-157
-276
-394
-470
-480
-487
-386
-319
-143
-27
155
274
392
468
478
485
384
317
141
27
-153
-270
-388
-466
-476
-485
-386
-321
-147
-31
151
269
385
461
473
481
380
314
140
25
-157
-276
-394
-472
-483
-489
-387
-319
-143
-29
151
270
388
466
478
486
385
317
141
27
-153
-270
-388
-466
-476
-485
-386
-319
-143
-27
155
274
392
468
478
485
384
319
145
29
-153
-272
-390
-468
-480
-487
-386
-319
-143
-29
151
270
388
466
478
486
385
317
141
25
-157
-274
-390
-466
-476
-483
-382
-316
-142
-27
155
272
388
464
474
483
384
319
145
29
-153
-270
-388
-468
-480
-487
-386
-321
