0
14
15
40
43
52
54
45
43
19
16
-14
-17
-41
-45
-55
-55
-46
-45
-21
-18
12
15
40
43
52
54
45
43
19
16
-14
-17
-41
-45
-55
-55
-46
-45
-21
-18
12
15
40
43
52
54
45
43
19
17
-13
-17
-41
-45
-55
-55
-46
-45
-21
-18
12
15
40
43
52
54
45
43
19
16
-14
-17
-41
-45
-55
-55
-46
-45
-21
-18
12
15
40
43
52
54
45
43
19
16
-14
-17
-41
-44
-54
-55
-46
-46
-22
-19
11
15
40
43
52
54
45
43
19
16
-14
-17
-41
-45
-55
-56
-47
-46
-22
-18
12
15
40
43
52
54
45
44
20
16
-14
-17
-41
-44
-54
-55
-46
-46
-22
-18
12
15
40
43
52
54
45
43
19
17
-13
-17
-41
-45
-55
-56
-47
-45
-21
-18
12
15
40
43
52
54
45
44
20
16
-14
-17
-41
-44
-54
-55
-46
-45
-21
-18
12
15
40
43
52
54
45
44
20
17
-13
-17
-41
-44
-54
-56
-47
-45
-21
-19
