0
7
8
22
24
29
30
25
24
11
9
-7
-10
-24
-26
-31
-32
-27
-26
-13
-11
5
8
22
24
29
30
25
24
11
9
-7
-10
-24
-26
-31
-32
-27
-26
-13
-11
5
8
22
24
29
30
25
24
11
9
-7
-10
-24
-26
-31
-32
-27
-26
-13
-11
5
8
22
24
29
30
25
24
11
9
-7
-10
-24
-26
-31
-32
-27
-26
-13
-11
5
8
22
24
29
30
25
24
11
9
-7
-9
-23
-26
-31
-32
-27
-26
-13
-11
5
8
22
24
29
30
25
24
11
9
-7
-10
-24
-26
-31
-32
-27
-26
-13
-11
5
7
21
24
29
30
25
24
11
9
-7
-9
-23
-26
-31
-32
-27
-26
-13
-11
5
8
22
24
29
30
25
24
11
9
-7
-10
-24
-26
-31
-32
-27
-26
-13
-11
5
7
21
24
29
30
25
24
11
9
-7
-10
-24
-26
-31
-32
-27
-26
-13
-11
5
8
22
24
29
30
25
24
11
9
-7
-10
-24
-26
-31
-32
-27
-26
-13
-11
