0
9
0
25
0
31
-1
25
-1
9
-1
-10
-1
-26
-1
-32
0
-26
0
-10
0
9
0
25
0
31
-1
25
-1
9
-1
-10
-1
-26
-1
-32
0
-26
0
-10
0
9
0
25
0
31
0
25
-1
9
0
-10
-1
-26
-1
-32
0
-26
0
-10
0
9
0
25
0
31
0
25
-1
9
-1
-10
-1
-26
-1
-32
0
-26
0
-10
0
9
0
25
0
31
-1
25
-1
9
-1
-10
0
-26
0
-32
0
-26
-1
-10
-1
9
0
25
-1
31
-1
25
-1
9
-1
-10
-1
-26
-1
-32
-1
-26
-1
-10
0
9
-1
25
0
31
0
25
0
9
-1
-10
0
-26
0
-32
0
-26
-1
-10
0
9
0
25
0
31
-1
25
-1
9
0
-10
-1
-26
-1
-32
-1
-26
0
-10
0
9
-1
25
0
31
0
25
0
9
-1
-10
-1
-26
0
-32
0
-26
0
-10
0
9
0
25
-1
31
-1
25
0
9
0
-10
-1
-26
0
-32
-1
-26
0
-10
-1
