0
12
12
40
44
52
52
44
40
12
12
-20
-28
-52
-56
-68
-68
-56
-56
-32
-24
8
12
40
44
52
52
44
40
12
12
-20
-28
-52
-56
-68
-68
-56
-56
-32
-24
8
12
40
44
52
52
44
40
12
12
-20
-28
-52
-56
-68
-68
-56
-56
-32
-24
8
12
40
44
52
52
44
40
12
12
-20
-28
-52
-56
-68
-68
-56
-56
-32
-24
8
12
40
44
52
52
44
40
12
12
-20
-24
-48
-56
-68
-68
-56
-56
-32
-28
4
12
40
40
48
52
44
40
12
12
-20
-28
-52
-56
-68
-68
-60
-60
-32
-24
8
12
40
44
52
52
44
44
16
12
-20
-24
-48
-56
-68
-68
-56
-56
-32
-24
8
12
40
44
52
52
44
40
12
12
-20
-28
-52
-56
-68
-68
-60
-60
-32
-24
8
12
40
44
52
52
44
44
16
12
-20
-28
-52
-56
-68
-68
-56
-56
-32
-24
8
12
40
40
48
52
44
44
16
12
-20
-28
-52
-56
-68
-68
-60
-60
-32
-28
