50
108
118
120
120
120
120
120
120
120
120
120
120
120
120
120
120
120
120
120
118
116
116
116
116
116
116
116
116
116
116
116
116
116
116
116
116
116
116
116
116
116
116
116
114
112
112
112
112
112
112
112
112
112
112
112
112
112
112
110
108
108
108
108
108
108
108
108
108
108
106
104
104
104
104
104
104
104
104
104
104
104
104
104
102
100
100
100
98
96
96
96
96
96
96
96
94
92
92
92
92
92
92
92
90
88
88
88
88
88
86
84
84
84
84
84
84
84
84
82
80
80
78
76
76
76
76
76
76
76
76
74
72
72
72
72
70
68
68
68
68
66
64
64
64
64
62
60
60
60
60
58
56
56
56
56
54
52
52
52
52
52
52
50
48
46
44
44
44
44
42
40
40
40
40
38
36
36
34
32
32
32
32
32
32
30
28
26
24
24
24
24
24
22
20
20
20
18
16
16
16
14
12
12
12
10
8
8
8
6
4
4
2
0
0
0
0
0
0
-2
-4
-6
-8
-8
-8
-10
-12
-12
-12
-12
-14
-16
-18
-20
-20
-20
-20
-20
-22
-24
-26
-28
-28
-28
-28
-28
-30
-32
-32
-32
-34
-36
-36
-38
-40
-40
-40
-42
-44
-44
-44
-46
-48
-48
-48
-50
-52
-52
-52
-52
-52
-54
-56
-58
-60
-60
-60
-62
-64
-64
-64
-64
-66
-68
-68
-70
-72
-72
-72
-72
-72
-74
-76
-76
-78
-80
-80
-80
-80
-80
-82
-84
-84
-84
-84
-86
-88
-88
-88
-88
-90
-92
-92
-92
-92
-94
-96
-96
-96
-96
-98
-100
-100
-100
-100
-100
-102
-104
-104
-104
-104
-104
-104
-104
-104
-106
-108
-108
-110
-112
-112
-112
-112
-112
-112
-114
-116
-116
-116
-116
-116
-116
-116
-116
-116
-118
-120
-120
-120
-120
-120
-120
-120
-120
-122
-124
-124
-124
-124
-124
-124
-124
-124
-124
-124
-124
-124
-124
-124
-124
-124
-124
-124
-124
-124
-124
-124
-124
-124
-124
-124
-124
-124
-124
-124
-124
-124
-124
-124
-124
-124
-124
-124
-124
-124
-124
-124
-124
-124
-124
-124
-124
-124
-124
-122
-120
-120
-120
-120
-120
-120
-120
-120
-120
-118
-116
-116
-116
-116
-116
-116
-114
-112
-112
-112
-112
-112
-112
-110
-108
-108
-108
-108
-106
-104
-104
-104
-104
-102
-100
-100
-100
-100
-98
-96
-96
-96
-96
-96
-94
-92
-92
-90
-88
-88
-88
-88
-88
-86
-84
-82
-80
-80
-80
-80
-78
-76
-76
-74
-72
-72
-72
-70
-68
-68
-66
-64
-64
-62
-60
-60
-58
-56
-56
-54
-52
-52
-50
-48
-48
-46
-44
-44
-44
-42
-40
-38
-36
-36
-36
-34
-30
-28
-28
-28
-26
-24
-24
-22
-20
-20
-18
-16
-14
-12
-12
-10
-8
-6
-4
-4
-4
-2
0
2
4
4
6
8
8
10
12
14
16
16
16
18
22
24
24
24
26
28
28
30
32
34
36
36
38
40
40
42
44
46
48
48
50
52
52
54
56
56
58
60
60
60
62
64
66
68
68
68
70
72
74
76
76
76
78
80
80
80
82
84
84
86
88
88
88
90
92
92
92
94
96
96
96
98
100
100
100
102
104
104
104
104
106
108
108
108
108
108
110
112
112
112
112
112
112
112
114
116
116
116
116
116
116
116
116
116
118
120
120
120
120
120
120
120
120
120
120
120
120
120
120
120
120
120
118
116
116
116
116
116
116
116
116
116
116
114
112
112
112
112
112
112
110
108
108
108
108
106
104
104
104
104
104
104
102
100
98
96
96
94
92
92
92
92
90
88
86
84
84
84
84
82
78
76
76
76
74
72
72
70
68
66
64
64
62
60
58
56
56
54
52
52
50
46
44
42
40
40
38
36
34
32
32
30
26
24
24
22
20
18
16
14
12
10
8
6
4
2
0
0
-2
-6
-8
-10
-12
-12
-14
-18
-20
-20
-22
-26
-28
-28
-30
-32
-34
-36
-38
-40
-42
-44
-46
-48
-50
-52
-52
-54
-58
-60
-62
-64
-64
-64
-66
-70
-72
-72
-74
-78
-80
-80
-80
-82
-84
-84
-86
-88
-90
-92
-92
-94
-96
-96
-98
-100
-100
-102
-104
-104
-104
-104
-106
-110
-112
-112
-112
-114
-116
-116
-116
-116
-116
-118
-120
-120
-120
-120
-122
-124
-124
-124
-124
-124
-124
-124
-124
-124
-124
-124
-124
-124
-124
-124
-124
-124
-124
-124
-124
-124
-124
-124
-124
-124
-124
-124
-122
-120
-120
-120
-120
-120
-118
-116
-116
-116
-114
-112
-112
-112
-110
-108
-108
-106
-104
-104
-102
-100
-100
-98
-96
-96
-96
-94
-90
-88
-88
-86
-84
-82
-80
-80
-78
-76
-74
-72
-70
-68
-66
-64
-62
-58
-56
-54
-52
-50
-48
-46
-44
-42
-38
-36
-36
-34
-30
-28
-26
-22
-20
-18
-16
-14
-10
-8
-6
-4
-2
2
4
6
8
10
14
16
16
18
22
24
26
30
32
34
36
38
42
44
46
48
50
54
56
58
60
60
62
66
68
68
70
74
76
78
80
80
82
84
86
88
90
92
94
96
96
98
100
100
102
104
104
106
108
108
108
110
112
112
112
112
114
116
116
116
116
116
118
120
120
120
120
120
120
120
120
120
120
120
118
116
116
116
116
116
116
114
112
112
112
110
108
108
108
106
104
104
104
102
98
96
96
94
92
92
90
86
84
84
82
78
76
76
74
72
70
66
64
62
60
58
54
52
50
46
42
40
40
36
32
30
26
24
22
20
18
14
10
8
6
2
0
-2
-6
-10
-12
-14
-18
-20
-22
-26
-30
-32
-34
-38
-40
-42
-46
-50
-52
-54
-58
-60
-62
-64
-66
-70
-72
-74
-78
-80
-82
-84
-86
-88
-90
-92
-94
-98
-100
-100
-102
-104
-104
-106
-110
-112
-112
-114
-116
-116
-116
-118
-120
-120
-122
-124
-124
-124
-124
-124
-124
-124
-124
-124
-124
-124
-124
-124
-124
-124
-124
-124
-124
-124
-122
-120
-120
-120
-118
-116
-116
-114
-112
-112
-110
-108
-106
-104
-102
-100
-98
-96
-96
-94
-90
-88
-86
-82
-80
-78
-74
-72
-70
-66
-64
-62
-58
-54
-50
-48
-46
-44
-40
-36
-34
-30
-26
-22
-20
-18
-14
-10
-6
-2
0
2
6
10
14
16
18
22
26
30
34
38
40
42
46
50
54
56
58
60
64
68
70
74
76
78
80
82
86
88
90
92
94
96
98
100
102
104
106
108
108
110
112
112
112
114
116
116
116
118
120
120
120
120
120
120
120
120
118
116
116
116
116
114
112
112
110
108
108
106
104
104
102
98
96
94
92
90
86
84
82
78
76
74
70
66
64
62
58
54
52
50
44
40
38
34
30
26
22
18
14
10
8
4
0
-2
-8
-12
-16
-20
-22
-26
-30
-34
-38
-42
-44
-48
-52
-54
-60
-64
-66
-70
-74
-78
-80
-82
-86
-88
-90
-94
-96
-98
-102
-104
-104
-106
-110
-112
-114
-116
-116
-118
-120
-122
-124
-124
-124
-124
-124
-124
-124
-124
-124
-124
-124
-124
-124
-124
-122
-120
-120
-118
-116
-116
-114
-112
-110
-108
-106
-102
-100
-98
-96
-92
-88
-86
-82
-80
-78
-74
-70
-66
-64
-60
-54
-50
-46
-42
-38
-34
-30
-26
-22
-18
-14
-10
-6
-2
4
8
12
16
20
26
30
34
38
40
44
50
54
58
60
64
68
70
74
78
82
86
88
90
94
96
98
102
104
106
108
110
112
112
112
114
116
116
118
120
120
120
120
120
120
118
116
116
116
114
112
110
108
106
104
104
102
98
94
92
90
86
82
78
76
74
70
66
62
58
54
50
44
38
34
30
26
22
18
12
6
2
-2
-8
-12
-16
-22
-26
-30
-34
-40
-44
-48
-54
-58
-62
-66
-70
-74
-78
-82
-86
-90
-94
-96
-98
-102
-104
-106
-110
-114
-116
-116
-118
-120
-122
-124
-124
-124
-124
-124
-124
-124
-124
-124
-124
-124
-122
-120
-118
-116
-116
-114
-110
-108
-106
-102
-98
-96
-92
-88
-86
-82
-78
-74
-68
-64
-60
-54
-50
-46
-40
-34
-30
-24
-18
-14
-8
-2
2
6
10
16
22
26
30
36
42
48
54
58
62
66
70
74
78
82
86
90
92
96
100
102
106
108
110
112
112
114
116
116
118
120
120
120
120
118
116
116
116
114
112
110
106
104
104
102
96
92
88
84
82
78
74
70
64
58
54
50
44
38
34
28
22
18
12
4
-2
-8
-14
-18
-24
-30
-34
-40
-46
-50
-56
-62
-66
-70
-76
-82
-86
-90
-94
-98
-102
-104
-106
-110
-114
-116
-116
-118
-122
-124
-124
-124
-124
-124
-124
-124
-124
-124
-122
-120
-118
-116
-114
-110
-106
-102
-100
-98
-92
-88
-86
-80
-74
-70
-66
-60
-54
-48
-42
-36
-30
-24
-16
-10
-4
2
6
12
20
26
30
36
44
50
56
62
66
70
74
80
86
90
92
96
102
104
106
110
112
112
114
116
118
120
120
120
120
118
116
116
114
112
110
106
104
102
96
92
88
82
78
74
70
64
56
50
44
38
32
26
20
12
6
0
-8
-14
-20
-28
-34
-40
-46
-52
-60
-66
-70
-76
-82
-86
-92
-96
-100
-104
-106
-110
-114
-116
-118
-122
-124
-124
-124
-124
-124
-124
-124
-124
-122
-120
-118
-114
-110
-106
-102
-98
-94
-90
-86
-80
-74
-68
-62
-56
-48
-42
-36
-28
-22
-16
-8
0
6
12
20
28
36
42
48
56
62
66
72
78
82
88
94
98
102
106
110
112
112
114
116
118
120
120
120
118
116
114
112
110
106
104
102
96
90
86
80
74
70
64
56
48
42
36
28
20
12
4
-2
-8
-16
-24
-32
-40
-48
-54
-60
-68
-74
-80
-86
-92
-98
-102
-106
-110
-114
-116
-118
-122
-124
-124
-124
-124
-124
-124
-122
-120
-118
-116
-112
-106
-102
-98
-94
-88
-82
-76
-68
-62
-56
-48
-40
-32
-24
-16
-8
0
8
16
24
32
40
48
56
62
68
76
82
88
92
96
102
106
110
112
114
116
118
120
120
118
116
116
114
110
106
104
100
94
90
84
76
70
64
56
48
40
32
24
16
8
0
-8
-18
-28
-34
-42
-52
-60
-68
-74
-80
-86
-92
-100
-104
-108
-114
-116
-118
-122
-124
-124
-124
-124
-124
-122
-120
-118
-116
-112
-106
-100
-94
-88
-82
-76
-68
-60
-52
-44
-34
-24
-16
-8
0
10
20
28
36
46
56
62
68
76
82
88
96
102
106
110
112
114
118
120
120
120
118
116
114
110
106
102
96
90
86
80
72
64
56
48
40
30
20
12
2
-8
-16
-24
-34
-44
-52
-62
-72
-80
-86
-92
-100
-106
-110
-114
-118
-122
-124
-124
-124
-124
-124
-122
-120
-118
-112
-106
-102
-96
-88
-82
-76
-68
-58
-48
-38
-28
-20
-10
0
10
20
28
38
48
58
68
76
82
88
96
102
106
110
112
114
118
120
120
118
116
114
110
106
100
94
88
80
72
64
56
46
36
26
16
6
-4
-14
-24
-34
-46
-56
-64
-74
-84
-92
-98
-102
-108
-114
-118
-122
-124
-124
-124
-124
-124
-122
-118
-112
-106
-100
-94
-88
-78
-68
-60
-50
-40
-30
-18
-8
2
12
22
34
44
54
64
72
80
88
96
102
108
112
114
118
120
120
118
116
114
108
102
96
90
84
76
68
58
46
36
26
14
4
-6
-20
-32
-42
-54
-64
-74
-84
-92
-98
-104
-112
-116
-120
-124
-124
-124
-124
-122
-120
-118
-112
-106
-100
-92
-84
-74
-62
-52
-42
-30
-18
-6
6
18
30
40
50
62
72
80
88
96
102
108
112
114
118
120
118
116
114
108
102
96
88
80
72
62
50
38
28
18
6
-6
-20
-32
-42
-54
-66
-76
-86
-96
-102
-108
-114
-120
-124
-124
-124
-124
-122
-118
-114
-108
-100
-92
-84
-74
-62
-50
-40
-28
-14
-2
10
22
34
46
58
70
80
88
96
102
108
114
118
120
120
118
114
110
106
100
90
80
72
62
48
36
24
10
-2
-14
-28
-42
-54
-66
-76
-86
-96
-104
-112
-118
-122
-124
-124
-124
-122
-118
-114
-108
-100
-92
-82
-70
-58
-46
-34
-20
-6
8
22
34
48
62
72
82
92
100
108
112
114
118
120
118
114
110
104
96
88
80
68
56
44
30
16
0
-14
-26
-38
-52
-66
-78
-88
-98
-108
-114
-120
-124
-124
-124
-124
-120
-114
-108
-100
-90
-78
-66
-54
-42
-28
-12
2
16
32
46
58
70
82
92
100
108
112
116
120
118
116
114
108
100
90
80
70
58
44
28
14
-2
-18
-32
-46
-60
-74
-86
-96
-104
-112
-118
-122
-124
-124
-122
-118
-112
-104
-96
-86
-74
-60
-44
-30
-16
0
16
32
46
60
74
84
94
104
110
114
118
120
118
114
108
100
90
80
68
54
40
24
8
-8
-24
-40
-56
-70
-82
-94
-104
-112
-118
-122
-124
-124
-122
-118
-110
-100
-92
-80
-64
-50
-36
-20
-2
14
30
46
60
74
86
96
104
110
116
120
118
114
110
104
94
82
68
54
40
24
8
-10
-28
-44
-60
-74
-86
-98
-108
-116
-122
-124
-124
-122
-118
-110
-100
-90
-76
-60
-44
-28
-12
4
22
40
56
70
82
94
104
110
116
120
118
114
108
100
90
78
64
48
30
12
-4
-22
-40
-56
-72
-86
-98
-108
-116
-122
-124
-124
-122
-116
-108
-96
-82
-70
-54
-36
-18
0
18
36
52
68
84
96
104
112
118
120
118
114
106
94
82
68
52
34
16
-2
-20
-38
-56
-72
-88
-100
-110
-118
-122
-124
-122
-118
-110
-100
-88
-72
-56
-38
-20
-2
18
36
54
72
86
98
108
114
118
118
114
108
100
90
76
58
38
18
0
-18
-38
-56
-74
-90
-102
-112
-120
-124
-124
-122
-116
-106
-94
-80
-62
-44
-26
-6
14
34
54
72
86
98
108
114
118
118
114
106
94
82
68
50
28
8
-10
-32
-54
-72
-88
-100
-110
-120
-124
-124
-120
-114
-104
-90
-74
-56
-38
-16
6
26
46
64
80
94
106
114
118
118
114
106
94
80
64
44
22
2
-18
-40
-62
-80
-96
-108
-116
-122
-124
-122
-116
-106
-92
-74
-56
-36
-14
6
28
50
68
84
98
108
116
118
114
108
98
84
68
50
28
6
-16
-40
-62
-80
-96
-110
-118
-122
-124
-120
-112
-102
-86
-68
-48
-24
-2
20
42
62
82
98
108
116
120
116
108
98
84
66
46
24
0
-24
-46
-66
-86
-102
-114
-122
-124
-122
-116
-106
-92
-74
-52
-28
-4
20
42
64
84
98
108
116
118
114
106
92
76
58
36
12
-12
-36
-60
-80
-96
-110
-120
-124
-122
-116
-106
-92
-74
-50
-24
-2
22
48
68
84
100
112
118
118
112
100
84
66
44
20
-6
-32
-54
-76
-96
-110
-120
-124
-122
-116
-104
-88
-70
-48
-22
4
28
54
76
92
106
114
116
114
106
92
74
52
28
2
-24
-50
-74
-92
-108
-120
-124
-122
-116
-104
-86
-64
-40
-14
14
40
64
84
100
112
118
116
108
96
78
56
32
6
-22
-48
-72
-92
-108
-120
-124
-122
-114
-100
-82
-58
-32
-6
22
48
72
92
106
114
116
112
102
86
64
38
12
-14
-42
-68
-90
-108
-120
-124
-122
-114
-98
-78
-54
-26
2
30
56
78
96
110
118
116
108
94
74
50
22
-6
-34
-62
-86
-104
-118
-124
-122
-114
-98
-78
-54
-26
4
34
60
82
100
112
116
114
104
86
64
38
8
-22
-50
-76
-98
-114
-122
-122
-116
-104
-84
-58
-30
0
30
58
82
100
112
116
112
100
82
58
30
0
-30
-58
-84
-106
-120
-124
-120
-110
-92
-66
-38
-8
22
50
76
96
110
116
114
102
82
60
32
0
-32
-62
-88
-108
-120
-124
-120
-106
-86
-60
-28
2
32
62
86
104
114
114
108
94
70
40
8
-24
-56
-84
-104
-118
-124
-120
-106
-86
-60
-28
4
36
66
90
106
116
116
104
86
62
30
-4
-36
-66
-92
-112
-122
-122
-112
-94
-70
-40
-8
26
58
84
104
114
114
106
88
62
32
-2
-36
-66
-92
-112
-122
-120
-110
-92
-64
-30
4
38
70
94
110
116
112
98
74
46
14
-22
-56
-84
-106
-120
-122
-114
-96
-68
-36
-2
34
66
92
110
116
112
98
74
42
6
-28
-62
-92
-112
-122
-120
-108
-88
-60
-24
14
48
78
102
114
114
104
84
56
20
-18
-54
-84
-106
-120
-122
-112
-92
-62
-26
10
46
78
102
114
114
102
80
50
14
-24
-60
-90
-112
-122
-120
-106
-82
-50
-12
26
60
90
110
116
110
92
64
28
-10
-46
-80
-106
-120
-122
-110
-86
-54
-18
20
58
88
106
114
110
92
62
26
-12
-50
-84
-110
-122
-120
-106
-80
-44
-4
34
68
96
112
114
102
78
44
4
-34
-70
-100
-118
-122
-112
-88
-54
-16
24
62
92
110
114
104
82
48
8
-32
-70
-100
-118
-122
-110
-86
-52
-10
32
68
96
112
114
100
72
36
-6
-48
-84
-110
-122
-118
-100
-70
-32
10
52
86
108
116
108
84
48
6
-36
-74
-104
-120
-120
-104
-74
-34
8
48
84
108
116
106
82
46
2
-40
-78
-108
-122
-118
-98
-64
-24
18
60
92
110
114
98
68
30
-16
-60
-94
-116
-122
-110
-82
-42
2
46
84
108
114
104
78
38
-6
-50
-88
-112
-120
-112
-86
-46
-2
42
80
106
114
102
76
36
-10
-54
-92
-116
-122
-108
-78
-36
10
54
90
110
112
96
64
20
-28
-72
-104
-120
-116
-94
-58
-12
36
76
102
112
102
76
34
-14
-58
-96
-118
-120
-102
-66
-20
28
72
102
112
104
78
36
-12
-58
-96
-118
-118
-98
-62
-14
36
78
106
114
100
68
24
-24
-70
-104
-120
-114
-86
-44
6
54
90
110
110
88
48
-2
-52
-92
-116
-120
-100
-60
-12
36
80
108
114
96
58
10
-40
-84
-112
-118
-102
-66
-18
34
78
106
114
96
58
10
-42
-86
-112
-118
-100
-60
-10
40
84
110
110
88
48
-4
-56
-96
-118
-116
-90
-46
8
60
98
112
102
72
26
-28
-78
-110
-118
-102
-64
-12
42
86
110
110
86
40
-16
-66
-102
-118
-108
-74
-24
32
80
108
110
86
42
-12
-64
-102
-118
-108
-72
-20
34
82
110
110
84
36
-20
-72
-108
-118
-102
-62
-8
48
92
110
102
70
18
-38
-86
-116
-116
-88
-40
18
70
104
112
90
44
-14
-68
-106
-118
-102
-62
-6
52
96
112
98
58
2
-54
-98
-118
-108
-70
-14
44
90
110
100
64
8
-52
-98
-118
-108
-70
-14
44
90
110
98
58
2
-56
-100
-116
-102
-62
-4
54
96
110
92
46
-14
-70
-108
-116
-92
-42
18
72
106
108
76
22
-38
-90
-116
-108
-70
-12
48
94
110
92
46
-16
-72
-108
-114
-86
-32
30
82
108
100
60
0
-60
-104
-118
-94
-42
20
76
106
102
66
6
-56
-100
-116
-94
-42
20
76
106
102
64
2
-60
-104
-116
-90
-36
28
82
108
98
54
-10
-72
-110
-112
-78
-18
46
94
108
84
32
-34
-90
-116
-104
-56
10
70
104
102
62
-2
-66
-108
-112
-78
-18
46
94
108
82
24
-44
-96
-116
-94
-40
26
84
110
92
40
-28
-86
-114
-102
-52
16
78
108
96
48
-20
-82
-114
-104
-56
12
74
106
96
48
-20
-82
-114
-102
-50
18
78
108
92
40
-30
-90
-114
-94
-38
32
88
106
82
24
-48
-100
-112
-80
-16
52
98
102
62
-4
-70
-110
-104
-56
14
78
108
90
32
-40
-96
-114
-84
-20
50
98
102
60
-10
-76
-110
-98
-44
28
86
106
78
12
-60
-106
-108
-62
10
76
106
86
26
-48
-100
-108
-68
2
70
106
90
32
-42
-98
-110
-72
0
68
104
90
30
-44
-98
-108
-68
4
72
104
84
22
-52
-104
-108
-60
16
82
106
76
6
-68
-110
-100
-42
34
92
102
58
-16
-84
-112
-84
-16
58
102
90
28
-48
-100
-104
-56
20
86
104
64
-10
-80
-110
-84
-16
58
102
88
24
-54
-106
-102
-44
34
92
98
48
-30
-94
-108
-66
10
80
104
66
-10
-82
-110
-78
-6
68
102
76
4
-72
-108
-86
-16
62
102
82
12
-66
-108
-90
-20
60
102
82
12
-66
-108
-88
-16
62
100
76
4
-72
-108
-82
-6
72
104
70
-8
-82
-108
-68
12
82
100
54
-28
-94
-102
-50
32
94
92
30
-52
-104
-92
-24
58
100
74
0
-78
-108
-68
14
84
96
44
-40
-100
-96
-32
52
100
78
2
-78
-108
-66
18
88
96
36
-50
-104
-90
-16
66
100
62
-22
-92
-102
-44
42
96
80
4
-76
-104
-62
22
88
88
22
-64
-106
-74
8
82
94
36
-50
-102
-82
-4
76
96
42
-44
-102
-86
-8
72
96
46
-42
-102
-86
-8
74
98
44
-44
-100
-82
-2
78
94
34
-54
-104
-76
10
84
88
20
-66
-102
-60
28
92
80
2
-80
-100
-42
48
96
62
-24
-94
-90
-14
70
94
38
-52
-102
-70
18
88
82
4
-80
-98
-36
54
96
54
-36
-98
-78
6
82
84
10
-76
-100
-40
50
94
52
-40
-100
-74
16
88
80
0
-82
-92
-20
68
92
30
-62
-100
-52
40
94
58
-34
-98
-74
16
88
76
-10
-90
-88
-8
76
86
10
-78
-96
-28
64
92
28
-66
-98
-38
56
92
36
-56
-98
-48
46
92
44
-52
-100
-52
44
92
46
-48
-98
-52
44
92
44
-52
-98
-48
48
92
38
-58
-98
-40
56
90
28
-66
-96
-30
64
86
12
-78
-90
-12
76
80
-6
-88
-78
12
86
64
-30
-94
-60
36
90
42
-56
-96
-34
62
86
12
-78
-84
0
80
68
-24
-92
-60
36
88
36
-62
-94
-22
70
78
-6
-88
-72
24
86
44
-54
-94
-28
66
78
-6
-86
-68
28
88
40
-58
-90
-18
72
72
-20
-92
-56
42
84
20
-74
-82
8
84
52
-48
-92
-26
68
74
-16
-90
-54
46
84
12
-80
-74
22
86
36
-64
-86
-2
80
54
-46
-92
-24
70
68
-28
-92
-38
62
76
-14
-90
-50
52
80
-2
-86
-60
42
82
6
-82
-64
36
82
10
-80
-64
36
82
10
-80
-64
36
82
10
-80
-62
38
80
4
-82
-56
44
78
-6
-88
-48
54
72
-18
-88
-36
64
66
-32
-86
-18
72
52
-50
-84
2
80
36
-64
-72
24
80
12
-78
-54
48
74
-16
-86
-30
68
58
-44
-82
2
78
26
-72
-64
36
74
-10
-86
-32
68
56
-48
-80
10
78
16
-76
-52
50
66
-30
-84
-10
74
32
-68
-64
38
72
-18
-82
-14
74
36
-66
-64
38
70
-22
-84
-12
74
30
-68
-54
48
64
-34
-80
4
76
12
-78
-40
60
50
-52
-68
30
72
-16
-80
-8
72
20
-74
-44
58
50
-52
-66
32
66
-24
-78
2
74
6
-78
-26
66
32
-66
-48
54
52
-50
-64
34
62
-32
-74
16
72
-10
-76
-2
72
6
-76
-20
66
20
-70
-32
62
32
-66
-44
56
40
-60
-50
52
48
-54
-56
46
52
-50
-58
42
52
-48
-60
40
54
-46
-60
40
52
-48
-58
42
50
-50
-56
44
46
-54
-52
48
42
-58
-44
56
34
-64
-36
58
22
-70
-24
64
8
-72
-8
66
-6
-72
8
62
-26
-68
26
56
-40
-56
42
42
-58
-40
56
20
-68
-14
64
-6
-70
12
60
-32
-60
38
44
-54
-38
56
18
-66
-6
62
-16
-64
26
50
-48
-44
54
22
-66
-8
62
-18
-64
28
46
-50
-36
56
10
-66
6
56
-34
-52
44
28
-62
-12
60
-18
-60
34
38
-58
-24
58
-8
-62
26
42
-52
-26
58
-4
-60
26
42
-52
-24
58
-10
-60
32
38
-56
-16
56
-22
-54
40
24
-62
-2
52
-36
-42
50
6
-62
20
42
-52
-20
56
-20
-52
42
18
-62
8
46
-44
-24
54
-18
-54
40
18
-60
12
42
-50
-18
54
-24
-44
46
4
-58
26
28
-56
2
44
-44
-22
52
-22
-42
46
0
-54
32
22
-56
12
36
-52
-8
46
-38
-24
50
-22
-38
46
-8
-50
36
6
-54
28
22
-52
18
32
-52
4
38
-48
-6
44
-40
-14
46
-34
-22
46
-28
-28
46
-22
-34
44
-18
-38
44
-12
-38
42
-12
-42
40
-8
-40
40
-8
-40
40
-8
-40
40
-10
-40
40
-12
-36
42
-16
-34
42
-20
-30
40
-26
-24
40
-32
-18
38
-38
-10
36
-40
2
32
-44
10
22
-48
20
14
-46
28
2
-38
36
-14
-32
38
-26
-18
36
-38
-4
30
-42
14
18
-44
26
0
-36
36
-18
-22
38
-32
-4
28
-42
14
10
-40
30
-10
-28
34
-30
-8
28
-40
14
8
-38
32
-14
-22
34
-32
2
18
-40
24
-6
-30
32
-28
-4
22
-38
22
-2
-28
32
-28
-2
22
-36
24
-6
-24
30
-32
4
12
-36
26
-18
-14
26
-34
16
-2
-28
28
-28
4
12
-32
28
-18
-8
20
-34
20
-10
-16
24
-32
16
-2
-20
26
-30
12
2
-22
26
-28
10
2
-26
24
-28
8
2
-24
22
-28
10
-2
-22
22
-28
12
-6
-16
20
-28
18
-10
-8
16
-28
20
-18
-2
6
-24
22
-24
8
-2
-14
18
-26
18
-14
-4
8
-24
18
-24
10
-4
-12
12
-24
18
-20
2
-2
-16
14
-24
16
-14
4
0
-16
14
-24
14
-16
2
-2
-12
12
-20
16
-18
6
-6
-6
8
-18
14
-18
12
-14
-2
-2
-12
8
-18
14
-16
10
-10
-2
-2
-10
8
-18
10
-18
8
-12
2
-4
-6
4
-12
10
-14
10
-14
8
-10
0
-4
-6
0
-12
6
-14
8
-14
6
-12
4
-6
0
-4
-4
2
-8
4
-10
4
-14
4
-12
4
-10
2
-8
0
-6
-4
-4
-4
0
-6
0
-8
2
-8
2
-8
2
-8
2
-8
0
-10
0
-6
0
-6
0
-4
-2
-6
-2
-4
-2
-2
-2
-4
-4
-4
-4
-4
-4
-4
-4
-4
-4
-4
-4
-4
