0
1
1
4
4
6
6
4
4
1
1
-2
-3
-6
-6
-7
-7
-6
-6
-3
-2
1
1
4
4
6
6
4
4
1
1
-2
-3
-6
-6
-7
-7
-6
-6
-3
-2
1
1
4
4
6
6
4
4
1
1
-2
-3
-6
-6
-7
-7
-6
-6
-3
-2
1
1
4
4
6
6
4
4
1
1
-2
-3
-6
-6
-7
-7
-6
-6
-3
-2
1
1
4
4
6
6
4
4
1
1
-2
-2
-5
-6
-7
-7
-6
-6
-3
-3
0
1
4
4
6
6
4
4
1
1
-2
-3
-6
-6
-7
-8
-7
-6
-3
-2
1
1
4
4
6
6
4
4
1
1
-2
-2
-5
-6
-7
-7
-6
-6
-3
-2
1
1
4
4
6
6
4
4
1
1
-2
-3
-6
-6
-7
-8
-7
-6
-3
-2
1
1
4
4
6
6
4
4
1
1
-2
-3
-6
-6
-7
-7
-6
-6
-3
-2
1
1
4
4
6
6
4
4
1
1
-2
-3
-6
-6
-7
-8
-7
-6
-3
-3
