0
3
3
10
12
15
14
11
11
5
4
-4
-5
-12
-14
-16
-16
-14
-13
-7
-6
2
3
10
12
15
14
11
11
5
4
-4
-5
-12
-14
-16
-16
-14
-13
-7
-6
2
3
10
12
15
15
12
11
5
4
-4
-5
-12
-14
-16
-16
-14
-13
-7
-6
2
3
10
12
15
15
12
11
5
4
-4
-5
-12
-14
-16
-16
-14
-13
-7
-6
2
3
10
12
15
14
11
11
5
4
-4
-5
-12
-13
-15
-16
-14
-14
-8
-6
2
3
10
11
14
14
11
11
5
4
-4
-5
-12
-14
-16
-16
-14
-14
-8
-6
2
3
10
12
15
15
12
12
6
4
-4
-5
-12
-13
-15
-16
-14
-14
-8
-6
2
3
10
12
15
14
11
11
5
4
-4
-5
-12
-14
-16
-16
-14
-13
-7
-6
2
3
10
12
15
15
12
12
6
4
-4
-5
-12
-13
-15
-16
-14
-13
-7
-6
2
3
10
11
14
14
11
12
6
4
-4
-5
-12
-13
-15
-16
-14
-13
-7
-6
