0
4
0
12
0
15
-1
12
-1
4
-1
-5
-1
-13
-1
-16
0
-13
0
-5
0
4
0
12
0
15
-1
12
-1
4
-1
-5
-1
-13
-1
-16
0
-13
0
-5
0
4
0
12
0
15
0
12
-1
4
0
-5
-1
-13
-1
-16
0
-13
0
-5
0
4
0
12
0
15
0
12
-1
4
-1
-5
-1
-13
-1
-16
0
-13
0
-5
0
4
0
12
0
15
-1
12
-1
4
-1
-5
0
-13
0
-16
0
-13
-1
-5
-1
4
0
12
-1
15
-1
12
-1
4
-1
-5
-1
-13
-1
-16
-1
-13
-1
-5
0
4
-1
12
0
15
0
12
0
4
-1
-5
0
-13
0
-16
0
-13
-1
-5
0
4
0
12
0
15
-1
12
-1
4
0
-5
-1
-13
-1
-16
-1
-13
0
-5
0
4
-1
12
0
15
0
12
0
4
-1
-5
-1
-13
0
-16
0
-13
0
-5
0
4
0
12
-1
15
-1
12
0
4
0
-5
-1
-13
0
-16
-1
-13
0
-5
-1
